bbl loader
Following matrix shows the shortest distances between every pair of vertices 
      0      5      7     14     16     10      7      5      3      5      7      9      9     10      7     10     12     17
      5      0      2      9     11      8      5     10      8     10     12     13     12      8     11      5      7     12
      7      2      0      7      9      6      3     12     10     12     14     15     14     10     13      7      9     12
     14      9      7      0      2      8     10     14     16     19     21     22     21     17     20     14     10      5
     16     11      9      2      0      6      9     12     14     18     23     24     23     19     22     16     12      7
     10      8      6      8      6      0      3      6      8     12     17     19     19     16     17     13     15     13
      7      5      3     10      9      3      0      9     10     12     14     16     16     13     14     10     12     15
      5     10     12     14     12      6      9      0      2      6     12     14     14     15     12     15     17     19
      3      8     10     16     14      8     10      2      0      4     10     12     12     13     10     13     15     20
      5     10     12     19     21     15     12     10      8     10     12     14     14     15     12     15     17     22
      7     12     14     21     23     17     14     12     10      6      0      3      2      6      5      9     13     18
      9     13     15     22     24     19     16     14     12      9      3      0      3      5      2      8     12     17
      9     12     14     21     23     19     16     14     12      8      2      3      0      4      5      7     11     16
     10      8     10     17     19     16     13     15     13     12      6      5      4      0      3      3      7     12
      7     11     13     20     22     17     14     12     10     11      5      2      5      3      0      6     10     15
     10      5      7     14     16     13     10     15     13     15      9      8      7      3      6      0      4      9
     12      7      9     10     12     15     12     17     15     17     13     12     11      7     10      4      0      5
     17     12     12      5      7     13     15     19     20     22     18     17     16     12     15      9      5      0

Result = 324
===============
begin: 253800
end: 819622
total: 565822
===============
